215623
548005
2065136
6872
36829
182884
1694440
262393
1107399
988249
980204
183685
176838
212450
46379
19345
207638
182894
520905
171211
183000
183553
215120
1227811
1174335
7067
148229
2375665
1975052
1078280
932541
1047128
994647
352924
47312
882114
251769
1231722
234494
341361
182880
257096
1111547
2048023
30696
135997
1111593
316328
1665555
2147517
331677
444810
261906
249996
131611
1127513
7950
150359
1461319
969752
288814
980281
2014257
182837
1116802
757140
233239
249947
1281440
1125567
523443
20832
6651
32986
633099
468011
817415
1847608
36819
935809
7558
1166489
64707
182929
1135316
1173838
277144
540795
135029
1191741
1124998
220533
1114156
1639940
251775
1995532
1105052
1189329
1224045
2174693